[3, 4, 5] 12
[6, 8, 10, 3, 4, 5] 24
[5, 12, 13] 30
[9, 12, 15, 3, 4, 5] 36
[8, 15, 17] 40
[12, 16, 20, 3, 4, 5] 48
[15, 20, 25, 3, 4, 5] 60
[10, 24, 26, 5, 12, 13] 60
[20, 21, 29] 70
[18, 24, 30, 3, 4, 5] 72
[16, 30, 34, 8, 15, 17] 80
[21, 28, 35, 3, 4, 5] 84
[12, 35, 37] 84
[15, 36, 39, 5, 12, 13] 90
[24, 32, 40, 3, 4, 5] 96
[9, 40, 41] 90
[27, 36, 45, 3, 4, 5] 108
[30, 40, 50, 3, 4, 5] 120
[24, 45, 51, 8, 15, 17] 120
[20, 48, 52, 5, 12, 13] 120
[28, 45, 53] 126
[33, 44, 55, 3, 4, 5] 132
[40, 42, 58, 20, 21, 29] 140
[36, 48, 60, 3, 4, 5] 144
[11, 60, 61] 132
[39, 52, 65, 3, 4, 5] 156
[32, 60, 68, 8, 15, 17] 160
[42, 56, 70, 3, 4, 5] 168
[48, 55, 73] 176
[24, 70, 74, 12, 35, 37] 168
[45, 60, 75, 3, 4, 5] 180
[30, 72, 78, 5, 12, 13] 180
[48, 64, 80, 3, 4, 5] 192
[18, 80, 82, 9, 40, 41] 180
[51, 68, 85, 3, 4, 5] 204
[60, 63, 87, 20, 21, 29] 210
[39, 80, 89] 208
[54, 72, 90, 3, 4, 5] 216
[35, 84, 91, 5, 12, 13] 210
[57, 76, 95, 3, 4, 5] 228
[65, 72, 97] 234
[60, 80, 100, 3, 4, 5] 240
[20, 99, 101] 220
[48, 90, 102, 8, 15, 17] 240
[40, 96, 104, 5, 12, 13] 240
[63, 84, 105, 3, 4, 5] 252
[56, 90, 106, 28, 45, 53] 252
[60, 91, 109] 260
[66, 88, 110, 3, 4, 5] 264
[36, 105, 111, 12, 35, 37] 252
[15, 112, 113] 240
[69, 92, 115, 3, 4, 5] 276
[80, 84, 116, 20, 21, 29] 280
[45, 108, 117, 5, 12, 13] 270
[56, 105, 119, 8, 15, 17] 280
[72, 96, 120, 3, 4, 5] 288
[22, 120, 122, 11, 60, 61] 264
[27, 120, 123, 9, 40, 41] 270
[75, 100, 125, 3, 4, 5] 300
[78, 104, 130, 3, 4, 5] 312
[81, 108, 135, 3, 4, 5] 324
[64, 120, 136, 8, 15, 17] 320
[88, 105, 137] 330
[84, 112, 140, 3, 4, 5] 336
[55, 132, 143, 5, 12, 13] 330
[87, 116, 145, 3, 4, 5] 348
[96, 110, 146, 48, 55, 73] 352
[48, 140, 148, 12, 35, 37] 336
[51, 140, 149] 340
[90, 120, 150, 3, 4, 5] 360
[72, 135, 153, 8, 15, 17] 360
[93, 124, 155, 3, 4, 5] 372
[60, 144, 156, 5, 12, 13] 360
[85, 132, 157] 374
[84, 135, 159, 28, 45, 53] 378
[96, 128, 160, 3, 4, 5] 384
[36, 160, 164, 9, 40, 41] 360
[99, 132, 165, 3, 4, 5] 396
[65, 156, 169, 5, 12, 13] 390
[102, 136, 170, 3, 4, 5] 408
[52, 165, 173] 390
[120, 126, 174, 20, 21, 29] 420
[105, 140, 175, 3, 4, 5] 420
[78, 160, 178, 39, 80, 89] 416
[108, 144, 180, 3, 4, 5] 432
[19, 180, 181] 380
[70, 168, 182, 5, 12, 13] 420
[33, 180, 183, 11, 60, 61] 396
[111, 148, 185, 3, 4, 5] 444
[88, 165, 187, 8, 15, 17] 440
[114, 152, 190, 3, 4, 5] 456
[95, 168, 193] 456
[130, 144, 194, 65, 72, 97] 468
[117, 156, 195, 3, 4, 5] 468
[28, 195, 197] 420
[120, 160, 200, 3, 4, 5] 480
[40, 198, 202, 20, 99, 101] 440
[140, 147, 203, 20, 21, 29] 490
[96, 180, 204, 8, 15, 17] 480
[123, 164, 205, 3, 4, 5] 492
[80, 192, 208, 5, 12, 13] 480
[126, 168, 210, 3, 4, 5] 504
[112, 180, 212, 28, 45, 53] 504
[129, 172, 215, 3, 4, 5] 516
[120, 182, 218, 60, 91, 109] 520
[144, 165, 219, 48, 55, 73] 528
[132, 176, 220, 3, 4, 5] 528
[85, 204, 221, 5, 12, 13] 510
[72, 210, 222, 12, 35, 37] 504
[135, 180, 225, 3, 4, 5] 540
[30, 224, 226, 15, 112, 113] 480
[60, 221, 229] 510
[138, 184, 230, 3, 4, 5] 552
[160, 168, 232, 20, 21, 29] 560
[105, 208, 233] 546
[90, 216, 234, 5, 12, 13] 540
[141, 188, 235, 3, 4, 5] 564
[112, 210, 238, 8, 15, 17] 560
[144, 192, 240, 3, 4, 5] 576
[120, 209, 241] 570
[44, 240, 244, 11, 60, 61] 528
[147, 196, 245, 3, 4, 5] 588
[54, 240, 246, 9, 40, 41] 540
[95, 228, 247, 5, 12, 13] 570
[150, 200, 250, 3, 4, 5] 600
[153, 204, 255, 3, 4, 5] 612
[32, 255, 257] 544
[84, 245, 259, 12, 35, 37] 588
[156, 208, 260, 3, 4, 5] 624
[180, 189, 261, 20, 21, 29] 630
[159, 212, 265, 3, 4, 5] 636
[117, 240, 267, 39, 80, 89] 624
[69, 260, 269] 598
[162, 216, 270, 3, 4, 5] 648
[128, 240, 272, 8, 15, 17] 640
[105, 252, 273, 5, 12, 13] 630
[176, 210, 274, 88, 105, 137] 660
[165, 220, 275, 3, 4, 5] 660
[115, 252, 277] 644
[168, 224, 280, 3, 4, 5] 672
[160, 231, 281] 672
[171, 228, 285, 3, 4, 5] 684
[110, 264, 286, 5, 12, 13] 660
[63, 280, 287, 9, 40, 41] 630
[136, 255, 289, 8, 15, 17] 680
[174, 232, 290, 3, 4, 5] 696
[195, 216, 291, 65, 72, 97] 702
[192, 220, 292, 48, 55, 73] 704
[68, 285, 293] 646
[177, 236, 295, 3, 4, 5] 708
[96, 280, 296, 12, 35, 37] 672
[102, 280, 298, 51, 140, 149] 680
[115, 276, 299, 5, 12, 13] 690
[180, 240, 300, 3, 4, 5] 720
[60, 297, 303, 20, 99, 101] 660
[183, 244, 305, 3, 4, 5] 732
[144, 270, 306, 8, 15, 17] 720
[186, 248, 310, 3, 4, 5] 744
[120, 288, 312, 5, 12, 13] 720
[25, 312, 313] 650
[170, 264, 314, 85, 132, 157] 748
[189, 252, 315, 3, 4, 5] 756
[75, 308, 317] 700
[168, 270, 318, 28, 45, 53] 756
[220, 231, 319, 20, 21, 29] 770
[192, 256, 320, 3, 4, 5] 768
[152, 285, 323, 8, 15, 17] 760
[195, 260, 325, 3, 4, 5] 780
[180, 273, 327, 60, 91, 109] 780
[72, 320, 328, 9, 40, 41] 720
[198, 264, 330, 3, 4, 5] 792
[108, 315, 333, 12, 35, 37] 756
[201, 268, 335, 3, 4, 5] 804
[175, 288, 337] 800
[130, 312, 338, 5, 12, 13] 780
[45, 336, 339, 15, 112, 113] 720
[204, 272, 340, 3, 4, 5] 816
[207, 276, 345, 3, 4, 5] 828
[104, 330, 346, 52, 165, 173] 780
[240, 252, 348, 20, 21, 29] 840
[180, 299, 349] 828
[210, 280, 350, 3, 4, 5] 840
[135, 324, 351, 5, 12, 13] 810
[225, 272, 353] 850
[213, 284, 355, 3, 4, 5] 852
[156, 320, 356, 39, 80, 89] 832
[168, 315, 357, 8, 15, 17] 840
[216, 288, 360, 3, 4, 5] 864
[38, 360, 362, 19, 180, 181] 760
[140, 336, 364, 5, 12, 13] 840
[219, 292, 365, 3, 4, 5] 876
[66, 360, 366, 11, 60, 61] 792
[81, 360, 369, 9, 40, 41] 810
[222, 296, 370, 3, 4, 5] 888
[196, 315, 371, 28, 45, 53] 882
[252, 275, 373] 900
[176, 330, 374, 8, 15, 17] 880
[225, 300, 375, 3, 4, 5] 900
[145, 348, 377, 5, 12, 13] 870
[228, 304, 380, 3, 4, 5] 912
[231, 308, 385, 3, 4, 5] 924
[190, 336, 386, 95, 168, 193] 912
[260, 288, 388, 65, 72, 97] 936
[189, 340, 389] 918
[234, 312, 390, 3, 4, 5] 936
[184, 345, 391, 8, 15, 17] 920
[56, 390, 394, 28, 195, 197] 840
[237, 316, 395, 3, 4, 5] 948
[228, 325, 397] 950
[240, 320, 400, 3, 4, 5] 960
[40, 399, 401] 840
[155, 372, 403, 5, 12, 13] 930
[80, 396, 404, 20, 99, 101] 880
[243, 324, 405, 3, 4, 5] 972
[280, 294, 406, 20, 21, 29] 980
[132, 385, 407, 12, 35, 37] 924
[192, 360, 408, 8, 15, 17] 960
[120, 391, 409] 920
[246, 328, 410, 3, 4, 5] 984
[264, 315, 411, 88, 105, 137] 990
[249, 332, 415, 3, 4, 5] 996
[160, 384, 416, 5, 12, 13] 960
[252, 336, 420, 3, 4, 5] 1008
[29, 420, 421] 870
[224, 360, 424, 28, 45, 53] 1008
[255, 340, 425, 3, 4, 5] 1020
[77, 420, 427, 11, 60, 61] 924
[165, 396, 429, 5, 12, 13] 990
[258, 344, 430, 3, 4, 5] 1032
[145, 408, 433] 986
[261, 348, 435, 3, 4, 5] 1044
[240, 364, 436, 60, 91, 109] 1040
[288, 330, 438, 48, 55, 73] 1056
[264, 352, 440, 3, 4, 5] 1056
[170, 408, 442, 5, 12, 13] 1020
[144, 420, 444, 12, 35, 37] 1008
[267, 356, 445, 3, 4, 5] 1068
[153, 420, 447, 51, 140, 149] 1020
[280, 351, 449] 1080
[270, 360, 450, 3, 4, 5] 1080
[99, 440, 451, 9, 40, 41] 990
[60, 448, 452, 15, 112, 113] 960
[273, 364, 455, 3, 4, 5] 1092
[168, 425, 457] 1050
[120, 442, 458, 60, 221, 229] 1020
[216, 405, 459, 8, 15, 17] 1080
[276, 368, 460, 3, 4, 5] 1104
[261, 380, 461] 1102
[320, 336, 464, 20, 21, 29] 1120
[279, 372, 465, 3, 4, 5] 1116
[210, 416, 466, 105, 208, 233] 1092
[180, 432, 468, 5, 12, 13] 1080
[282, 376, 470, 3, 4, 5] 1128
[255, 396, 471, 85, 132, 157] 1122
[285, 380, 475, 3, 4, 5] 1140
[224, 420, 476, 8, 15, 17] 1120
[252, 405, 477, 28, 45, 53] 1134
[288, 384, 480, 3, 4, 5] 1152
[185, 444, 481, 5, 12, 13] 1110
[240, 418, 482, 120, 209, 241] 1140
[291, 388, 485, 3, 4, 5] 1164
[88, 480, 488, 11, 60, 61] 1056
[294, 392, 490, 3, 4, 5] 1176
[108, 480, 492, 9, 40, 41] 1080
[232, 435, 493, 8, 15, 17] 1160
[190, 456, 494, 5, 12, 13] 1140
[297, 396, 495, 3, 4, 5] 1188
[300, 400, 500, 3, 4, 5] 1200
[303, 404, 505, 3, 4, 5] 1212
[195, 468, 507, 5, 12, 13] 1170
[220, 459, 509] 1188
[306, 408, 510, 3, 4, 5] 1224
[336, 385, 511, 48, 55, 73] 1232
[64, 510, 514, 32, 255, 257] 1088
[309, 412, 515, 3, 4, 5] 1236
[168, 490, 518, 12, 35, 37] 1176
[156, 495, 519, 52, 165, 173] 1170
[312, 416, 520, 3, 4, 5] 1248
[279, 440, 521] 1240
[360, 378, 522, 20, 21, 29] 1260
[315, 420, 525, 3, 4, 5] 1260
[248, 465, 527, 8, 15, 17] 1240
[318, 424, 530, 3, 4, 5] 1272
[205, 492, 533, 5, 12, 13] 1230
[234, 480, 534, 39, 80, 89] 1248
[321, 428, 535, 3, 4, 5] 1284
[138, 520, 538, 69, 260, 269] 1196
[324, 432, 540, 3, 4, 5] 1296
[341, 420, 541] 1302
[57, 540, 543, 19, 180, 181] 1140
[256, 480, 544, 8, 15, 17] 1280
[327, 436, 545, 3, 4, 5] 1308
[210, 504, 546, 5, 12, 13] 1260
[352, 420, 548, 88, 105, 137] 1320
[99, 540, 549, 11, 60, 61] 1188
[330, 440, 550, 3, 4, 5] 1320
[380, 399, 551, 20, 21, 29] 1330
[230, 504, 554, 115, 252, 277] 1288
[333, 444, 555, 3, 4, 5] 1332
[165, 532, 557] 1254
[215, 516, 559, 5, 12, 13] 1290
[336, 448, 560, 3, 4, 5] 1344
[264, 495, 561, 8, 15, 17] 1320
[320, 462, 562, 160, 231, 281] 1344
[339, 452, 565, 3, 4, 5] 1356
[231, 520, 569] 1320
[342, 456, 570, 3, 4, 5] 1368
[220, 528, 572, 5, 12, 13] 1320
[126, 560, 574, 9, 40, 41] 1260
[345, 460, 575, 3, 4, 5] 1380
[48, 575, 577] 1200
[272, 510, 578, 8, 15, 17] 1360
[285, 504, 579, 95, 168, 193] 1368
[348, 464, 580, 3, 4, 5] 1392
[390, 432, 582, 65, 72, 97] 1404
[308, 495, 583, 28, 45, 53] 1386
[384, 440, 584, 48, 55, 73] 1408
[351, 468, 585, 3, 4, 5] 1404
[136, 570, 586, 68, 285, 293] 1292
[354, 472, 590, 3, 4, 5] 1416
[84, 585, 591, 28, 195, 197] 1260
[192, 560, 592, 12, 35, 37] 1344
[368, 465, 593] 1426
[357, 476, 595, 3, 4, 5] 1428
[204, 560, 596, 51, 140, 149] 1360
[230, 552, 598, 5, 12, 13] 1380
[360, 480, 600, 3, 4, 5] 1440
[240, 551, 601] 1392
[363, 484, 605, 3, 4, 5] 1452
[120, 594, 606, 20, 99, 101] 1320
[420, 441, 609, 20, 21, 29] 1470
[366, 488, 610, 3, 4, 5] 1464
[235, 564, 611, 5, 12, 13] 1410
[288, 540, 612, 8, 15, 17] 1440
[35, 612, 613] 1260
[369, 492, 615, 3, 4, 5] 1476
[105, 608, 617] 1330
[372, 496, 620, 3, 4, 5] 1488
[273, 560, 623, 39, 80, 89] 1456
[240, 576, 624, 5, 12, 13] 1440
[375, 500, 625, 3, 4, 5] 1500
[50, 624, 626, 25, 312, 313] 1300
[340, 528, 628, 85, 132, 157] 1496
[296, 555, 629, 8, 15, 17] 1480
[378, 504, 630, 3, 4, 5] 1512
[150, 616, 634, 75, 308, 317] 1400
[381, 508, 635, 3, 4, 5] 1524
[336, 540, 636, 28, 45, 53] 1512
[245, 588, 637, 5, 12, 13] 1470
[440, 462, 638, 20, 21, 29] 1540
[384, 512, 640, 3, 4, 5] 1536
[200, 609, 641] 1450
[387, 516, 645, 3, 4, 5] 1548
[304, 570, 646, 8, 15, 17] 1520
[390, 520, 650, 3, 4, 5] 1560
[315, 572, 653] 1540
[360, 546, 654, 60, 91, 109] 1560
[393, 524, 655, 3, 4, 5] 1572
[144, 640, 656, 9, 40, 41] 1440
[432, 495, 657, 48, 55, 73] 1584
[396, 528, 660, 3, 4, 5] 1584
[300, 589, 661] 1550
[255, 612, 663, 5, 12, 13] 1530
[399, 532, 665, 3, 4, 5] 1596
[216, 630, 666, 12, 35, 37] 1512
[460, 483, 667, 20, 21, 29] 1610
[402, 536, 670, 3, 4, 5] 1608
[121, 660, 671, 11, 60, 61] 1452
[385, 552, 673] 1610
[350, 576, 674, 175, 288, 337] 1600
[405, 540, 675, 3, 4, 5] 1620
[260, 624, 676, 5, 12, 13] 1560
[52, 675, 677] 1404
[90, 672, 678, 15, 112, 113] 1440
[455, 504, 679, 65, 72, 97] 1638
[408, 544, 680, 3, 4, 5] 1632
[411, 548, 685, 3, 4, 5] 1644
[180, 663, 687, 60, 221, 229] 1530
[265, 636, 689, 5, 12, 13] 1590
[414, 552, 690, 3, 4, 5] 1656
[208, 660, 692, 52, 165, 173] 1560
[417, 556, 695, 3, 4, 5] 1668
[480, 504, 696, 20, 21, 29] 1680
[328, 615, 697, 8, 15, 17] 1640
[360, 598, 698, 180, 299, 349] 1656
[315, 624, 699, 105, 208, 233] 1638
[420, 560, 700, 3, 4, 5] 1680
[260, 651, 701] 1612
[270, 648, 702, 5, 12, 13] 1620
[228, 665, 703, 12, 35, 37] 1596
[423, 564, 705, 3, 4, 5] 1692
[450, 544, 706, 225, 272, 353] 1700
[140, 693, 707, 20, 99, 101] 1540
[259, 660, 709] 1628
[426, 568, 710, 3, 4, 5] 1704
[312, 640, 712, 39, 80, 89] 1664
[336, 630, 714, 8, 15, 17] 1680
[429, 572, 715, 3, 4, 5] 1716
[432, 576, 720, 3, 4, 5] 1728
[360, 627, 723, 120, 209, 241] 1710
[76, 720, 724, 19, 180, 181] 1520
[435, 580, 725, 3, 4, 5] 1740
[280, 672, 728, 5, 12, 13] 1680
[438, 584, 730, 3, 4, 5] 1752
[344, 645, 731, 8, 15, 17] 1720
[132, 720, 732, 11, 60, 61] 1584
[108, 725, 733] 1566
[441, 588, 735, 3, 4, 5] 1764
[162, 720, 738, 9, 40, 41] 1620
[444, 592, 740, 3, 4, 5] 1776
[285, 684, 741, 5, 12, 13] 1710
[392, 630, 742, 28, 45, 53] 1764
[447, 596, 745, 3, 4, 5] 1788
[504, 550, 746, 252, 275, 373] 1800
[352, 660, 748, 8, 15, 17] 1760
[450, 600, 750, 3, 4, 5] 1800
[290, 696, 754, 5, 12, 13] 1740
[453, 604, 755, 3, 4, 5] 1812
[468, 595, 757] 1820
[456, 608, 760, 3, 4, 5] 1824
[39, 760, 761] 1560
[420, 637, 763, 60, 91, 109] 1820
[459, 612, 765, 3, 4, 5] 1836
[295, 708, 767, 5, 12, 13] 1770
[481, 600, 769] 1850
[462, 616, 770, 3, 4, 5] 1848
[96, 765, 771, 32, 255, 257] 1632
[380, 672, 772, 95, 168, 193] 1824
[195, 748, 773] 1716
[465, 620, 775, 3, 4, 5] 1860
[520, 576, 776, 65, 72, 97] 1872
[252, 735, 777, 12, 35, 37] 1764
[378, 680, 778, 189, 340, 389] 1836
[171, 760, 779, 9, 40, 41] 1710
[468, 624, 780, 3, 4, 5] 1872
[368, 690, 782, 8, 15, 17] 1840
[540, 567, 783, 20, 21, 29] 1890
[471, 628, 785, 3, 4, 5] 1884
[112, 780, 788, 28, 195, 197] 1680
[474, 632, 790, 3, 4, 5] 1896
[105, 784, 791, 15, 112, 113] 1680
[305, 732, 793, 5, 12, 13] 1830
[456, 650, 794, 228, 325, 397] 1900
[477, 636, 795, 3, 4, 5] 1908
[555, 572, 797] 1924
[376, 705, 799, 8, 15, 17] 1880
[480, 640, 800, 3, 4, 5] 1920
[351, 720, 801, 39, 80, 89] 1872
[80, 798, 802, 40, 399, 401] 1680
[528, 605, 803, 48, 55, 73] 1936
[483, 644, 805, 3, 4, 5] 1932
[310, 744, 806, 5, 12, 13] 1860
[207, 780, 807, 69, 260, 269] 1794
[160, 792, 808, 20, 99, 101] 1760
[280, 759, 809] 1848
[486, 648, 810, 3, 4, 5] 1944
[560, 588, 812, 20, 21, 29] 1960
[264, 770, 814, 12, 35, 37] 1848
[489, 652, 815, 3, 4, 5] 1956
[384, 720, 816, 8, 15, 17] 1920
[240, 782, 818, 120, 391, 409] 1840
[315, 756, 819, 5, 12, 13] 1890
[492, 656, 820, 3, 4, 5] 1968
[429, 700, 821] 1950
[528, 630, 822, 88, 105, 137] 1980
[495, 660, 825, 3, 4, 5] 1980
[540, 629, 829] 1998
[498, 664, 830, 3, 4, 5] 1992
[345, 756, 831, 115, 252, 277] 1932
[320, 768, 832, 5, 12, 13] 1920
[392, 735, 833, 8, 15, 17] 1960
[501, 668, 835, 3, 4, 5] 2004
[504, 672, 840, 3, 4, 5] 2016
[580, 609, 841, 20, 21, 29] 2030
[58, 840, 842, 29, 420, 421] 1740
[480, 693, 843, 160, 231, 281] 2016
[507, 676, 845, 3, 4, 5] 2028
[448, 720, 848, 28, 45, 53] 2016
[510, 680, 850, 3, 4, 5] 2040
[276, 805, 851, 12, 35, 37] 1932
[205, 828, 853] 1886
[154, 840, 854, 11, 60, 61] 1848
[513, 684, 855, 3, 4, 5] 2052
[232, 825, 857] 1914
[330, 792, 858, 5, 12, 13] 1980
[516, 688, 860, 3, 4, 5] 2064
[189, 840, 861, 9, 40, 41] 1890
[519, 692, 865, 3, 4, 5] 2076
[290, 816, 866, 145, 408, 433] 1972
[408, 765, 867, 8, 15, 17] 2040
[522, 696, 870, 3, 4, 5] 2088
[335, 804, 871, 5, 12, 13] 2010
[480, 728, 872, 60, 91, 109] 2080
[585, 648, 873, 65, 72, 97] 2106
[525, 700, 875, 3, 4, 5] 2100
[576, 660, 876, 48, 55, 73] 2112
[348, 805, 877] 2030
[204, 855, 879, 68, 285, 293] 1938
[528, 704, 880, 3, 4, 5] 2112
[369, 800, 881] 2050
[340, 816, 884, 5, 12, 13] 2040
[531, 708, 885, 3, 4, 5] 2124
[288, 840, 888, 12, 35, 37] 2016
[534, 712, 890, 3, 4, 5] 2136
[306, 840, 894, 51, 140, 149] 2040
[537, 716, 895, 3, 4, 5] 2148
[345, 828, 897, 5, 12, 13] 2070
[560, 702, 898, 280, 351, 449] 2160
[620, 651, 899, 20, 21, 29] 2170
[540, 720, 900, 3, 4, 5] 2160
[424, 795, 901, 8, 15, 17] 2120
[198, 880, 902, 9, 40, 41] 1980
[120, 896, 904, 15, 112, 113] 1920
[543, 724, 905, 3, 4, 5] 2172
[180, 891, 909, 20, 99, 101] 1980
[546, 728, 910, 3, 4, 5] 2184
[336, 850, 914, 168, 425, 457] 2100
[549, 732, 915, 3, 4, 5] 2196
[240, 884, 916, 60, 221, 229] 2040
[432, 810, 918, 8, 15, 17] 2160
[552, 736, 920, 3, 4, 5] 2208
[522, 760, 922, 261, 380, 461] 2204
[355, 852, 923, 5, 12, 13] 2130
[555, 740, 925, 3, 4, 5] 2220
[640, 672, 928, 20, 21, 29] 2240
[129, 920, 929] 1978
[558, 744, 930, 3, 4, 5] 2232
[420, 832, 932, 105, 208, 233] 2184
[561, 748, 935, 3, 4, 5] 2244
[360, 864, 936, 5, 12, 13] 2160
[215, 912, 937] 2064
[75, 936, 939, 25, 312, 313] 1950
[564, 752, 940, 3, 4, 5] 2256
[580, 741, 941] 2262
[510, 792, 942, 85, 132, 157] 2244
[207, 920, 943, 9, 40, 41] 2070
[567, 756, 945, 3, 4, 5] 2268
[365, 876, 949, 5, 12, 13] 2190
[570, 760, 950, 3, 4, 5] 2280
[225, 924, 951, 75, 308, 317] 2100
[448, 840, 952, 8, 15, 17] 2240
[615, 728, 953] 2296
[504, 810, 954, 28, 45, 53] 2268
[573, 764, 955, 3, 4, 5] 2292
[660, 693, 957, 20, 21, 29] 2310
[616, 735, 959, 88, 105, 137] 2310
[576, 768, 960, 3, 4, 5] 2304
[370, 888, 962, 5, 12, 13] 2220
[480, 836, 964, 120, 209, 241] 2280
[579, 772, 965, 3, 4, 5] 2316
[456, 855, 969, 8, 15, 17] 2280
[582, 776, 970, 3, 4, 5] 2328
[585, 780, 975, 3, 4, 5] 2340
[176, 960, 976, 11, 60, 61] 2112
[248, 945, 977] 2170
[429, 880, 979, 39, 80, 89] 2288
[588, 784, 980, 3, 4, 5] 2352
[540, 819, 981, 60, 91, 109] 2340
[216, 960, 984, 9, 40, 41] 2160
[591, 788, 985, 3, 4, 5] 2364
[464, 870, 986, 8, 15, 17] 2320
[380, 912, 988, 5, 12, 13] 2280
[594, 792, 990, 3, 4, 5] 2376
[597, 796, 995, 3, 4, 5] 2388
[372, 925, 997] 2294
[324, 945, 999, 12, 35, 37] 2268
[600, 800, 1000, 3, 4, 5] 2400
